0	0
0	193
0	180
0	353
0	386
0	706
0	306
0	546
0	720
0	645
0	236
0	292
0	612
0	688
0	66
0	120
0	300
0	61
0	737
0	661
0	404
0	530
0	5
0	800
0	132
0	529
0	600
0	122
0	908
0	465
0	914
0	121
0	241
0	808
0	328
0	769
0	993
0	10
0	833
0	533
0	264
0	716
0	786
0	480
0	980
0	86
0	340
0	526
0	206
0	142
0	771
0	785
0	889
0	580
0	58
0	539
0	48
0	108
0	272
0	8
0	356
0	323
0	650
0	289
0	3
0	166
0	20
0	257
0	820
0	516
0	113
0	528
0	208
0	201
0	896
0	531
0	840
0	595
0	229
0	137
0	522
0	46
0	301
0	74
0	45
0	73
0	172
0	652
0	680
0	259
0	177
0	320
0	788
0	370
0	784
0	281
0	552
0	139
0	309
0	577
0	624
0	440
0	899
0	129
0	52
0	520
0	549
0	794
0	196
0	523
0	116
0	13
0	515
0	576
0	9
0	144
0	36
0	96
0	384
0	544
0	304
0	783
0	16
0	846
0	269
0	938
0	267
0	646
0	176
0	658
0	866
0	6
0	34
0	1
0	225
0	332
0	228
0	40
0	69
0	514
0	65
0	305
0	337
0	870
0	22
0	390
0	97
0	409
0	226
0	416
0	64
0	262
0	583
0	521
0	35
0	274
0	134
0	148
0	204
0	776
0	90
0	519
0	273
0	75
0	146
0	33
0	518
0	672
0	265
0	400
0	890
0	513
0	354
0	640
0	27
0	38
0	89
0	798
0	393
0	704
0	560
0	596
0	278
0	290
0	568
0	976
0	618
0	29
0	532
0	24
0	389
0	322
0	136
0	626
0	4
0	143
0	325
0	565
0	900
0	438
0	547
0	258
0	738
0	540
0	104
0	913
0	448
0	420
0	261
0	611
0	23
0	37
0	912
0	512
0	160
0	392
0	553
0	276
0	545
0	312
0	26
0	260
0	397
0	476
0	288
0	72
0	18
0	316
0	192
0	517
0	525
0	88
0	329
0	17
0	768
0	151
0	39
0	11
0	195
0	608
0	342
0	32
0	131
0	21
0	67
0	385
0	271
0	932
0	992
0	779
0	336
0	200
0	19
0	647
0	534
0	280
0	298
0	145
0	606
0	266
0	12
0	161
0	68
0	2
0	450
0	205
0	473
0	270
0	210
0	664
0	163
0	256
0	80
0	138
0	130
0	49
0	188
0	935
0	31
0	610
0	44
0	111
0	780
0	774
0	403
0	681
0	643
0	692
0	331
0	878
0	51
0	194
0	168
0	100
0	613
0	133
0	792
0	561
0	777
0	564
0	135
0	832
0	112
0	128
0	804
0	550
0	436
0	641
0	84
0	50
0	736
0	676
0	70
0	449
0	56
0	668
0	723
0	106
0	548
0	536
0	642
0	648
0	218
0	25
0	368
0	53
0	268
0	321
0	324
0	184
0	99
0	14
0	162
0	929
0	816
0	7
0	81
0	296
0	408
1	0
1	45
1	579
1	992
1	353
1	73
1	30
1	680
1	360
1	336
1	101
1	306
1	546
1	200
1	518
1	320
1	227
1	19
1	352
1	280
1	784
1	640
1	552
1	139
1	12
1	372
1	161
1	457
1	661
1	2
1	418
1	624
1	972
1	570
1	450
1	5
1	440
1	330
1	132
1	224
1	622
1	988
1	560
1	520
1	529
1	43
1	256
1	596
1	80
1	196
1	116
1	357
1	13
1	130
1	976
1	49
1	515
1	576
1	36
1	144
1	9
1	24
1	96
1	308
1	4
1	582
1	808
1	328
1	44
1	317
1	769
1	384
1	57
1	10
1	544
1	533
1	660
1	264
1	16
1	987
1	448
1	23
1	194
1	897
1	496
1	340
1	168
1	512
1	526
1	586
1	100
1	206
1	585
1	160
1	176
1	712
1	276
1	545
1	601
1	133
1	6
1	34
1	1
1	260
1	580
1	128
1	40
1	594
1	98
1	69
1	930
1	514
1	550
1	65
1	288
1	72
1	18
1	48
1	644
1	22
1	192
1	673
1	272
1	152
1	8
1	641
1	97
1	525
1	293
1	609
1	84
1	802
1	676
1	323
1	796
1	289
1	17
1	449
1	768
1	166
1	56
1	64
1	405
1	262
1	257
1	536
1	642
1	11
1	516
1	25
1	208
1	528
1	28
1	32
1	131
1	598
1	268
1	321
1	896
1	21
1	99
1	134
1	162
1	770
1	92
1	7
1	296
1	662
1	81
1	385
1	602
1	148
1	74
1	102
2	0
2	426
2	45
2	193
2	273
2	680
2	336
2	146
2	41
2	207
2	200
2	33
2	772
2	320
2	718
2	19
2	612
2	400
2	66
2	513
2	904
2	352
2	494
2	280
2	245
2	784
2	640
2	552
2	145
2	68
2	12
2	963
2	161
2	472
2	27
2	584
2	2
2	570
2	5
2	129
2	132
2	664
2	708
2	520
2	63
2	170
2	256
2	80
2	835
2	196
2	819
2	523
2	138
2	71
2	156
2	568
2	49
2	515
2	576
2	36
2	144
2	9
2	24
2	77
2	801
2	308
2	136
2	76
2	4
2	328
2	178
2	44
2	621
2	384
2	544
2	554
2	171
2	946
2	258
2	774
2	783
2	660
2	264
2	104
2	16
2	314
2	448
2	420
2	261
2	593
2	980
2	37
2	912
2	326
2	168
2	512
2	585
2	160
2	865
2	176
2	140
2	149
2	545
2	578
2	133
2	6
2	34
2	1
2	26
2	556
2	332
2	260
2	580
2	128
2	40
2	98
2	524
2	550
2	288
2	72
2	48
2	154
2	644
2	848
2	22
2	199
2	192
2	272
2	557
2	517
2	277
2	387
2	8
2	346
2	641
2	97
2	609
2	84
2	70
2	634
2	409
2	323
2	88
2	181
2	3
2	17
2	768
2	166
2	64
2	20
2	257
2	262
2	588
2	642
2	195
2	516
2	173
2	42
2	25
2	338
2	208
2	32
2	598
2	268
2	324
2	840
2	21
2	592
2	162
2	522
2	535
2	542
2	662
2	81
2	385
2	148
2	960
2	74
2	776
2	388
3	0
3	912
3	512
3	73
3	336
3	344
3	546
3	772
3	247
3	320
3	276
3	771
3	672
3	19
3	312
3	82
3	66
3	112
3	352
3	280
3	784
3	128
3	40
3	524
3	721
3	65
3	72
3	18
3	12
3	2
3	164
3	657
3	22
3	192
3	108
3	272
3	616
3	800
3	152
3	132
3	490
3	256
3	50
3	56
3	449
3	768
3	282
3	13
3	416
3	114
3	290
3	262
3	515
3	188
3	257
3	402
3	36
3	24
3	548
3	11
3	96
3	54
3	521
3	817
3	4
3	218
3	384
3	32
3	10
3	544
3	268
3	274
3	321
3	896
3	554
3	264
3	16
3	137
3	92
3	388
4	0
4	193
4	73
4	273
4	75
4	41
4	546
4	33
4	772
4	177
4	320
4	672
4	292
4	19
4	202
4	400
4	66
4	513
4	904
4	352
4	280
4	640
4	300
4	139
4	12
4	161
4	68
4	584
4	87
4	2
4	624
4	404
4	89
4	440
4	5
4	450
4	800
4	129
4	270
4	132
4	393
4	224
4	210
4	704
4	560
4	520
4	604
4	256
4	103
4	596
4	80
4	537
4	196
4	13
4	278
4	130
4	618
4	515
4	576
4	36
4	144
4	9
4	24
4	744
4	914
4	96
4	136
4	4
4	551
4	836
4	143
4	325
4	384
4	57
4	547
4	544
4	350
4	410
4	304
4	258
4	660
4	696
4	16
4	448
4	786
4	841
4	420
4	649
4	261
4	326
4	86
4	15
4	269
4	512
4	100
4	160
4	452
4	140
4	553
4	545
4	792
4	578
4	133
4	6
4	34
4	1
4	312
4	112
4	260
4	128
4	40
4	98
4	58
4	514
4	78
4	288
4	72
4	18
4	212
4	48
4	644
4	848
4	192
4	242
4	272
4	517
4	587
4	8
4	641
4	286
4	97
4	802
4	84
4	50
4	356
4	88
4	796
4	289
4	3
4	17
4	768
4	56
4	753
4	64
4	20
4	275
4	642
4	608
4	648
4	516
4	42
4	25
4	35
4	141
4	528
4	32
4	321
4	531
4	21
4	14
4	996
4	167
4	134
4	770
4	7
4	81
4	204
4	74
4	102
4	388
5	0
5	233
5	163
5	256
5	50
5	80
5	512
5	118
5	122
5	289
5	3
5	17
5	101
5	768
5	110
5	33
5	278
5	416
5	452
5	392
5	64
5	276
5	297
5	49
5	788
5	142
5	292
5	672
5	24
5	34
5	1
5	642
5	308
5	400
5	66
5	4
5	513
5	112
5	516
5	354
5	580
5	328
5	128
5	44
5	398
5	514
5	28
5	32
5	288
5	94
5	266
5	18
5	577
5	321
5	274
5	924
5	48
5	304
5	324
5	2
5	258
5	22
5	152
5	272
5	770
5	517
5	129
5	592
5	522
5	369
5	224
5	261
5	204
5	480
5	97
6	0
6	512
6	586
6	259
6	160
6	33
6	320
6	276
6	292
6	1
6	202
6	82
6	265
6	534
6	898
6	714
6	66
6	26
6	513
6	112
6	260
6	298
6	640
6	72
6	266
6	288
6	18
6	577
6	154
6	2
6	272
6	147
6	129
6	8
6	224
6	307
6	704
6	520
6	256
6	416
6	130
6	20
6	515
6	257
6	576
6	24
6	195
6	608
6	903
6	551
6	4
6	648
6	516
6	124
6	32
6	131
6	544
6	896
6	21
6	99
6	996
6	16
6	592
6	67
6	593
6	388
6	194
7	0
7	40
7	256
7	512
7	168
7	514
7	544
7	464
7	48
7	2
7	130
7	64
7	276
7	5
7	144
7	1
7	129
7	642
7	96
7	8
7	136
7	165
7	1010
8	0
8	45
8	193
8	73
8	519
8	273
8	652
8	386
8	146
8	546
8	33
8	772
8	518
8	412
8	292
8	209
8	82
8	688
8	513
8	400
8	534
8	844
8	66
8	179
8	352
8	280
8	120
8	640
8	581
8	281
8	577
8	12
8	161
8	68
8	27
8	38
8	620
8	2
8	5
8	129
8	52
8	224
8	520
8	529
8	256
8	197
8	752
8	156
8	13
8	667
8	130
8	290
8	976
8	49
8	465
8	532
8	9
8	144
8	36
8	24
8	801
8	136
8	4
8	551
8	328
8	44
8	325
8	384
8	10
8	880
8	544
8	554
8	258
8	774
8	533
8	264
8	16
8	417
8	448
8	420
8	692
8	261
8	593
8	194
8	168
8	512
8	526
8	160
8	613
8	176
8	419
8	392
8	34
8	578
8	133
8	232
8	6
8	561
8	333
8	1
8	285
8	777
8	941
8	714
8	26
8	112
8	332
8	260
8	128
8	40
8	594
8	864
8	514
8	65
8	550
8	288
8	18
8	48
8	778
8	305
8	291
8	644
8	22
8	192
8	242
8	272
8	517
8	387
8	627
8	966
8	8
8	656
8	50
8	88
8	409
8	289
8	396
8	3
8	17
8	789
8	768
8	56
8	449
8	64
8	20
8	39
8	257
8	548
8	11
8	790
8	648
8	341
8	35
8	541
8	481
8	28
8	32
8	321
8	274
8	268
8	896
8	169
8	595
8	14
8	137
8	770
8	592
8	522
8	117
8	92
8	816
8	7
8	67
8	148
8	204
8	388
9	0
9	512
9	75
9	756
9	33
9	133
9	232
9	6
9	292
9	1
9	400
9	832
9	66
9	513
9	260
9	128
9	40
9	640
9	281
9	552
9	514
9	65
9	266
9	288
9	18
9	48
9	68
9	38
9	2
9	644
9	530
9	22
9	5
9	129
9	8
9	224
9	650
9	768
9	290
9	64
9	20
9	257
9	515
9	144
9	9
9	36
9	24
9	548
9	801
9	76
9	4
9	516
9	401
9	44
9	384
9	32
9	10
9	131
9	53
9	321
9	896
9	258
9	169
9	264
9	16
9	480
9	37
10	0
10	802
10	512
10	386
10	196
10	160
10	523
10	138
10	3
10	17
10	449
10	768
10	33
10	702
10	705
10	392
10	20
10	545
10	49
10	29
10	576
10	133
10	144
10	24
10	548
10	1
10	322
10	96
10	777
10	4
10	280
10	260
10	328
10	78
10	910
10	384
10	145
10	454
10	32
10	10
10	288
10	72
10	18
10	12
10	38
10	68
10	304
10	164
10	192
10	104
10	16
10	108
10	800
10	473
10	522
10	587
10	132
10	8
10	224
10	46
10	385
10	148
10	560
10	520
10	597
10	194
11	617
11	128
11	84
11	769
11	512
11	259
11	266
11	962
11	72
11	321
11	2
11	258
11	64
11	530
11	645
11	39
11	576
11	402
11	786
11	152
11	548
11	4
11	516
11	260
12	0
12	659
12	256
12	80
12	168
12	512
12	736
12	259
12	289
12	306
12	41
12	56
12	64
12	20
12	320
12	262
12	244
12	576
12	801
12	144
12	209
12	672
12	1
12	34
12	785
12	312
12	642
12	295
12	105
12	513
12	112
12	352
12	280
12	128
12	640
12	769
12	178
12	44
12	250
12	528
12	65
12	32
12	544
12	216
12	288
12	72
12	464
12	12
12	321
12	48
12	68
12	304
12	661
12	2
12	171
12	169
12	533
12	192
12	264
12	16
12	643
12	614
12	517
12	152
12	592
12	129
12	132
12	8
12	821
12	856
12	704
12	622
12	560
12	194
13	0
13	84
13	340
13	80
13	519
13	652
13	160
13	72
13	258
13	64
13	773
13	320
13	576
13	257
13	192
13	16
13	5
13	272
13	899
13	1
13	322
13	132
13	4
13	704
13	204
13	520
13	388
14	0
14	128
14	640
14	528
14	902
14	32
14	160
14	138
14	146
14	12
14	577
14	17
14	48
14	546
14	68
14	908
14	660
14	192
14	673
14	272
14	517
14	8
14	26
14	271
14	4
15	149
15	42
15	128
15	276
15	192
15	16
15	137
15	28
15	528
15	386
15	224
15	210
15	774
15	260
16	0
16	193
16	180
16	273
16	259
16	706
16	336
16	200
16	33
16	772
16	60
16	518
16	320
16	327
16	236
16	82
16	202
16	265
16	534
16	513
16	904
16	784
16	581
16	640
16	552
16	139
16	577
16	434
16	12
16	38
16	2
16	164
16	5
16	800
16	129
16	132
16	210
16	704
16	560
16	520
16	256
16	263
16	80
16	537
16	523
16	130
16	515
16	532
16	576
16	144
16	9
16	36
16	24
16	77
16	322
16	121
16	96
16	136
16	76
16	4
16	551
16	241
16	191
16	808
16	674
16	328
16	769
16	343
16	384
16	10
16	741
16	544
16	961
16	410
16	304
16	774
16	258
16	403
16	264
16	104
16	16
16	643
16	420
16	805
16	649
16	194
16	659
16	86
16	512
16	100
16	865
16	176
16	771
16	232
16	217
16	6
16	785
16	34
16	1
16	312
16	225
16	714
16	135
16	898
16	332
16	260
16	580
16	128
16	40
16	406
16	78
16	514
16	524
16	65
16	1004
16	288
16	72
16	18
16	644
16	192
16	517
16	8
16	641
16	248
16	656
16	609
16	84
16	566
16	676
16	226
16	70
16	3
16	768
16	64
16	20
16	262
16	257
16	275
16	548
16	817
16	648
16	516
16	42
16	25
16	368
16	338
16	113
16	528
16	32
16	131
16	834
16	53
16	855
16	321
16	896
16	531
16	324
16	773
16	134
16	162
16	522
16	46
16	74
17	0
17	529
17	656
17	512
17	386
17	196
17	508
17	500
17	706
17	289
17	336
17	155
17	13
17	768
17	33
17	130
17	114
17	20
17	320
17	545
17	133
17	144
17	34
17	588
17	292
17	1
17	521
17	66
17	832
17	4
17	112
17	904
17	260
17	42
17	580
17	128
17	640
17	198
17	524
17	32
17	65
17	284
17	10
17	544
17	651
17	18
17	231
17	584
17	780
17	896
17	68
17	304
17	2
17	291
17	773
17	660
17	192
17	104
17	16
17	616
17	800
17	448
17	8
17	572
17	393
17	641
17	708
17	520
18	0
18	353
18	512
18	73
18	33
18	646
18	392
18	518
18	553
18	320
18	133
18	6
18	34
18	1
18	66
18	26
18	128
18	581
18	640
18	98
18	524
18	72
18	577
18	12
18	48
18	68
18	584
18	2
18	192
18	5
18	272
18	800
18	8
18	704
18	609
18	256
18	80
18	138
18	796
18	3
18	768
18	290
18	64
18	257
18	576
18	9
18	36
18	54
18	195
18	608
18	4
18	516
18	42
18	283
18	361
18	113
18	32
18	544
18	258
18	184
18	299
18	137
18	770
18	535
18	385
18	148
19	0
19	193
19	168
19	269
19	680
19	32
19	71
19	12
19	278
19	171
19	530
19	144
19	9
19	34
19	1
19	322
19	536
19	67
19	296
19	513
19	4
19	648
19	120
19	260
20	0
20	512
20	386
20	772
20	553
20	545
20	6
20	19
20	34
20	225
20	66
20	832
20	260
20	128
20	40
20	98
20	65
20	72
20	577
20	18
20	2
20	164
20	590
20	5
20	450
20	673
20	52
20	8
20	170
20	802
20	80
20	226
20	323
20	650
20	3
20	768
20	130
20	39
20	405
20	64
20	20
20	262
20	432
20	465
20	275
20	144
20	9
20	77
20	96
20	76
20	4
20	516
20	25
20	384
20	32
20	834
20	321
20	829
20	395
20	258
20	264
20	16
20	448
20	134
20	592
20	872
20	81
20	385
20	37
21	0
21	496
21	128
21	40
21	256
21	512
21	334
21	268
21	803
21	416
21	644
21	184
21	532
21	192
21	275
21	24
21	1
21	322
21	642
21	270
21	8
21	195
21	385
22	897
22	64
22	489
22	256
22	264
22	512
22	16
22	300
22	514
22	73
22	1
22	322
22	770
22	202
22	138
22	8
22	96
22	547
22	274
22	546
22	33
22	520
22	176
23	128
23	132
23	12
23	68
23	512
23	768
23	162
24	0
24	86
24	256
24	263
24	193
24	197
24	512
24	562
24	259
24	585
24	336
24	17
24	768
24	200
24	33
24	416
24	130
24	568
24	290
24	20
24	320
24	150
24	257
24	36
24	133
24	9
24	6
24	34
24	1
24	612
24	700
24	265
24	136
24	608
24	332
24	4
24	817
24	260
24	610
24	808
24	128
24	468
24	384
24	32
24	10
24	288
24	577
24	294
24	161
24	961
24	68
24	2
24	291
24	192
24	16
24	272
24	129
24	387
24	637
24	966
24	52
24	8
24	960
25	0
25	383
25	609
25	256
25	640
25	44
25	524
25	32
25	161
25	768
25	554
25	258
25	64
25	320
25	192
25	9
25	1
25	129
25	8
25	307
25	714
25	4
25	513
25	655
25	516
25	37
25	260
26	0
26	128
26	40
26	256
26	178
26	640
26	524
26	812
26	131
26	259
26	160
26	138
26	33
26	258
26	130
26	5
26	532
26	576
26	16
26	144
26	6
26	34
26	202
26	96
26	4
26	280
27	0
27	642
27	10
27	664
27	512
27	272
27	928
27	866
27	143
27	64
27	130
28	0
28	529
28	128
28	640
28	512
28	78
28	55
28	650
28	70
28	32
28	706
28	138
28	266
28	71
28	437
28	48
28	304
28	64
28	169
28	532
28	1
28	322
28	82
28	132
28	8
28	4
28	354
29	32
29	64
29	38
29	33
29	60
29	258
29	260
30	10
30	20
30	513
30	80
30	268
30	144
30	9
30	778
30	2
31	512
31	839
32	0
32	193
32	353
32	386
32	259
32	706
32	538
32	336
32	146
32	207
32	33
32	772
32	518
32	320
32	672
32	82
32	965
32	370
32	534
32	66
32	513
32	838
32	352
32	280
32	640
32	145
32	266
32	577
32	12
32	68
32	38
32	584
32	2
32	5
32	590
32	219
32	129
32	270
32	132
32	224
32	937
32	708
32	549
32	256
32	263
32	596
32	80
32	196
32	138
32	156
32	130
32	297
32	532
32	576
32	928
32	9
32	36
32	462
32	77
32	96
32	136
32	91
32	4
32	107
32	850
32	216
32	780
32	304
32	258
32	738
32	533
32	264
32	16
32	913
32	261
32	331
32	466
32	512
32	793
32	100
32	990
32	160
32	865
32	430
32	140
32	392
32	149
32	276
32	545
32	142
32	578
32	133
32	771
32	6
32	34
32	1
32	312
32	653
32	26
32	105
32	260
32	580
32	128
32	40
32	98
32	524
32	514
32	65
32	550
32	288
32	72
32	18
32	48
32	291
32	644
32	192
32	272
32	152
32	8
32	641
32	97
32	609
32	84
32	50
32	736
32	70
32	356
32	650
32	3
32	17
32	282
32	56
32	64
32	20
32	257
32	536
32	608
32	218
32	42
32	25
32	338
32	528
32	208
32	32
32	834
32	274
32	268
32	896
32	324
32	21
32	773
32	169
32	134
32	162
32	592
32	522
32	92
32	7
32	301
32	74
32	776
33	0
33	90
33	512
33	273
33	30
33	146
33	336
33	613
33	697
33	430
33	33
33	149
33	601
33	34
33	1
33	474
33	66
33	112
33	352
33	260
33	128
33	784
33	40
33	640
33	524
33	804
33	488
33	288
33	72
33	18
33	68
33	803
33	2
33	624
33	22
33	570
33	108
33	517
33	473
33	129
33	132
33	641
33	704
33	560
33	240
33	520
33	802
33	256
33	263
33	197
33	156
33	811
33	589
33	64
33	20
33	49
33	144
33	820
33	521
33	76
33	4
33	648
33	178
33	208
33	32
33	321
33	324
33	840
33	554
33	258
33	403
33	104
33	16
33	913
33	563
33	522
33	7
33	81
33	102
33	194
34	0
34	45
34	193
34	512
34	652
34	386
34	30
34	360
34	394
34	200
34	33
34	176
34	149
34	645
34	133
34	1
34	698
34	82
34	112
34	352
34	260
34	580
34	128
34	640
34	524
34	804
34	577
34	18
34	814
34	68
34	644
34	574
34	22
34	517
34	390
34	205
34	132
34	8
34	393
34	641
34	937
34	682
34	256
34	537
34	88
34	138
34	396
34	17
34	156
34	768
34	130
34	290
34	64
34	20
34	432
34	262
34	532
34	144
34	24
34	322
34	96
34	136
34	76
34	4
34	648
34	528
34	32
34	544
34	834
34	896
34	258
34	21
34	773
34	660
34	16
34	786
34	816
34	67
34	261
34	271
34	408
35	0
35	228
35	580
35	256
35	193
35	80
35	528
35	32
35	266
35	18
35	306
35	2
35	337
35	320
35	16
35	272
35	36
35	134
35	733
35	801
35	67
35	608
35	844
35	516
35	560
35	352
36	0
36	897
36	512
36	526
36	160
36	706
36	546
36	33
36	320
36	34
36	561
36	1
36	399
36	832
36	66
36	26
36	513
36	580
36	784
36	640
36	581
36	145
36	577
36	72
36	18
36	48
36	2
36	555
36	460
36	272
36	616
36	387
36	129
36	132
36	8
36	182
36	641
36	520
36	43
36	256
36	50
36	676
36	323
36	138
36	17
36	667
36	290
36	114
36	64
36	275
36	144
36	9
36	24
36	322
36	608
36	136
36	195
36	25
36	113
36	528
36	625
36	32
36	131
36	728
36	294
36	531
36	258
36	264
36	16
36	162
36	813
36	261
36	23
37	0
37	328
37	113
37	512
37	198
37	65
37	523
37	10
37	396
37	72
37	12
37	772
37	258
37	21
37	530
37	320
37	658
37	186
37	6
37	522
37	136
37	385
37	66
37	960
38	0
38	128
38	441
38	682
38	298
38	40
38	256
38	80
38	512
38	10
38	544
38	2
38	64
38	257
38	142
38	144
38	162
38	129
38	522
38	642
38	11
38	136
38	210
38	664
38	46
38	656
38	549
39	10
39	64
39	1
39	24
39	257
39	12
40	0
40	326
40	512
40	273
40	33
40	646
40	452
40	320
40	142
40	1
40	647
40	165
40	513
40	112
40	128
40	784
40	514
40	550
40	284
40	161
40	48
40	666
40	2
40	291
40	192
40	5
40	147
40	517
40	330
40	132
40	52
40	8
40	210
40	393
40	520
40	84
40	256
40	80
40	138
40	155
40	589
40	768
40	13
40	416
40	64
40	20
40	297
40	49
40	515
40	576
40	548
40	96
40	608
40	4
40	516
40	42
40	44
40	384
40	32
40	10
40	544
40	304
40	264
40	14
40	16
40	913
40	137
40	134
40	448
40	522
40	7
40	67
40	385
40	480
41	0
41	84
41	256
41	640
41	512
41	736
41	384
41	528
41	32
41	160
41	3
41	17
41	38
41	554
41	518
41	320
41	264
41	532
41	16
41	144
41	272
41	8
41	66
41	520
41	776
42	0
42	337
42	64
42	720
42	515
42	256
42	272
42	512
42	73
42	544
42	18
42	352
42	648
42	4
42	148
42	980
42	354
42	260
42	130
43	71
43	577
43	264
43	640
43	147
43	1
43	70
44	163
44	262
44	128
44	545
44	257
44	515
44	596
44	193
44	16
44	448
44	1
44	721
44	202
44	7
44	224
44	521
44	274
44	556
44	516
44	418
45	850
45	64
45	20
45	361
45	230
45	36
45	66
45	896
45	166
45	65
46	0
46	669
46	530
46	256
46	224
46	41
46	16
46	768
46	356
47	7
48	0
48	256
48	50
48	512
48	73
48	211
48	88
48	160
48	396
48	3
48	329
48	336
48	17
48	166
48	176
48	452
48	320
48	290
48	518
48	20
48	976
48	705
48	9
48	133
48	36
48	6
48	389
48	548
48	642
48	424
48	136
48	521
48	513
48	648
48	4
48	112
48	241
48	42
48	128
48	640
48	594
48	32
48	528
48	384
48	208
48	65
48	145
48	10
48	72
48	472
48	48
48	68
48	38
48	2
48	258
48	657
48	717
48	192
48	5
48	517
48	390
48	129
48	522
48	330
48	132
48	8
48	704
48	148
48	74
48	520
49	128
49	256
49	451
49	168
49	512
49	32
49	71
49	17
49	41
49	321
49	48
49	768
49	324
49	2
49	177
49	164
49	64
49	20
49	192
49	276
49	99
49	16
49	576
49	5
49	144
49	517
49	1
49	129
49	522
49	8
49	521
49	296
49	112
49	560
49	520
50	0
50	456
50	256
50	98
50	353
50	139
50	528
50	458
50	259
50	289
50	18
50	768
50	64
50	320
50	36
50	6
50	460
50	1
50	129
50	96
50	8
50	521
50	710
50	148
50	105
50	776
51	128
51	8
51	544
51	274
51	80
51	1
51	514
51	2
51	292
51	592
52	0
52	784
52	397
52	128
52	298
52	239
52	28
52	65
52	32
52	523
52	336
52	17
52	38
52	130
52	64
52	9
52	6
52	77
52	277
52	225
52	8
52	76
52	513
52	776
53	770
53	10
53	128
53	39
53	5
53	137
53	2
53	83
54	0
54	160
54	385
54	80
54	576
54	5
54	768
54	584
54	2
55	384
55	514
56	0
56	580
56	128
56	84
56	256
56	35
56	69
56	793
56	954
56	196
56	32
56	562
56	72
56	544
56	278
56	416
56	33
56	2
56	942
56	540
56	320
56	405
56	192
56	576
56	5
56	6
56	36
56	147
56	517
56	129
56	8
56	960
57	0
57	4
57	516
57	264
57	256
57	17
58	0
58	784
58	72
58	4
58	900
58	517
59	912
60	16
60	336
60	547
60	253
60	544
60	352
61	560
61	66
61	2
62	4
62	128
64	0
64	90
64	193
64	172
64	652
64	259
64	146
64	306
64	41
64	546
64	33
64	772
64	720
64	320
64	412
64	788
64	292
64	400
64	647
64	513
64	66
64	179
64	617
64	85
64	784
64	640
64	552
64	145
64	464
64	12
64	161
64	68
64	584
64	2
64	404
64	164
64	530
64	5
64	450
64	800
64	129
64	52
64	132
64	224
64	664
64	520
64	527
64	163
64	529
64	43
64	256
64	80
64	197
64	138
64	116
64	13
64	278
64	568
64	290
64	203
64	49
64	9
64	144
64	36
64	24
64	96
64	136
64	4
64	836
64	582
64	361
64	769
64	44
64	384
64	10
64	900
64	294
64	258
64	533
64	264
64	16
64	813
64	649
64	897
64	340
64	168
64	512
64	586
64	100
64	160
64	613
64	176
64	452
64	140
64	545
64	792
64	601
64	133
64	6
64	310
64	1
64	312
64	285
64	220
64	135
64	105
64	112
64	397
64	580
64	128
64	40
64	406
64	376
64	514
64	65
64	288
64	72
64	18
64	48
64	644
64	192
64	272
64	616
64	517
64	152
64	8
64	684
64	286
64	656
64	802
64	849
64	70
64	3
64	17
64	768
64	753
64	64
64	20
64	262
64	588
64	642
64	536
64	11
64	648
64	516
64	25
64	338
64	528
64	208
64	32
64	131
64	201
64	834
64	274
64	268
64	773
64	134
64	770
64	929
64	92
64	7
64	385
64	856
64	46
64	148
64	74
64	776
65	0
65	256
65	50
65	782
65	512
65	273
65	100
65	160
65	138
65	329
65	336
65	17
65	41
65	200
65	768
65	772
65	176
65	140
65	568
65	64
65	257
65	788
65	576
65	9
65	133
65	771
65	672
65	24
65	1
65	31
65	265
65	96
65	308
65	136
65	174
65	4
65	832
65	260
65	787
65	25
65	40
65	208
65	514
65	32
65	145
65	28
65	65
65	10
65	606
65	577
65	72
65	651
65	12
65	268
65	896
65	304
65	2
65	192
65	137
65	417
65	277
65	387
65	129
65	775
65	816
65	8
65	964
65	97
66	0
66	248
66	256
66	80
66	512
66	259
66	160
66	329
66	3
66	17
66	344
66	768
66	33
66	56
66	130
66	290
66	64
66	20
66	39
66	515
66	257
66	532
66	144
66	9
66	561
66	1
66	559
66	11
66	801
66	265
66	96
66	521
66	136
66	608
66	513
66	4
66	904
66	260
66	580
66	784
66	128
66	810
66	528
66	32
66	880
66	288
66	544
66	12
66	48
66	774
66	21
66	264
66	272
66	800
66	522
66	129
66	8
66	856
66	708
66	520
66	388
67	0
67	298
67	594
67	512
67	384
67	528
67	550
67	156
67	41
67	546
67	768
67	13
67	130
67	545
67	242
67	144
67	9
67	1
67	592
67	944
67	7
67	8
67	76
67	4
67	648
67	776
68	0
68	529
68	256
68	263
68	193
68	512
68	793
68	273
68	678
68	386
68	585
68	523
68	138
68	17
68	675
68	452
68	177
68	130
68	290
68	645
68	257
68	320
68	276
68	515
68	144
68	9
68	1
68	860
68	136
68	608
68	516
68	904
68	354
68	128
68	328
68	784
68	25
68	35
68	640
68	864
68	810
68	58
68	443
68	57
68	65
68	32
68	131
68	72
68	544
68	18
68	12
68	321
68	48
68	584
68	2
68	192
68	205
68	277
68	129
68	8
68	81
68	148
68	204
68	593
68	597
68	51
69	0
69	213
69	128
69	632
69	596
69	273
69	600
69	288
69	17
69	304
69	657
69	449
69	258
69	164
69	568
69	64
69	20
69	645
69	19
69	132
69	54
69	648
70	0
70	40
70	256
70	44
70	512
70	32
70	544
70	200
70	896
70	68
70	584
70	13
70	324
70	418
70	130
70	568
70	64
70	257
70	16
70	129
70	8
70	136
70	4
70	66
70	704
70	520
71	32
71	128
71	40
71	8
71	193
71	274
71	513
71	68
71	346
71	514
71	384
72	0
72	180
72	512
72	73
72	336
72	33
72	772
72	140
72	320
72	276
72	34
72	1
72	688
72	653
72	26
72	66
72	280
72	128
72	514
72	72
72	12
72	161
72	2
72	644
72	848
72	5
72	108
72	800
72	387
72	132
72	8
72	224
72	937
72	560
72	520
72	527
72	456
72	70
72	226
72	3
72	17
72	675
72	768
72	64
72	20
72	257
72	144
72	36
72	868
72	536
72	677
72	521
72	4
72	516
72	401
72	208
72	32
72	131
72	274
72	21
72	16
72	563
72	92
72	148
72	51
73	0
73	128
73	326
73	640
73	528
73	384
73	10
73	138
73	2
73	327
73	192
73	5
73	144
73	1
73	129
73	8
73	400
73	513
73	4
73	66
73	346
73	551
73	516
74	0
74	128
74	25
74	376
74	514
74	88
74	32
74	145
74	72
74	3
74	321
74	38
74	33
74	452
74	64
74	49
74	257
74	192
74	576
74	16
74	144
74	272
74	34
74	777
74	4
74	520
75	0
75	89
75	193
75	576
75	661
75	130
75	88
76	0
76	328
76	128
76	640
76	930
76	384
76	273
76	100
76	160
76	288
76	17
76	53
76	12
76	41
76	546
76	2
76	515
76	257
76	192
76	104
76	16
76	34
76	1
76	202
76	261
76	4
76	836
77	0
77	197
77	10
77	553
77	401
77	544
78	128
78	200
78	396
78	264
78	37
79	236
79	88
80	0
80	180
80	512
80	59
80	153
80	160
80	146
80	546
80	646
80	362
80	1
80	66
80	26
80	179
80	260
80	580
80	128
80	298
80	640
80	804
80	145
80	266
80	288
80	72
80	161
80	68
80	38
80	2
80	291
80	848
80	192
80	450
80	152
80	129
80	330
80	132
80	560
80	529
80	256
80	88
80	138
80	3
80	17
80	768
80	449
80	166
80	130
80	290
80	64
80	36
80	389
80	536
80	96
80	136
80	174
80	4
80	516
80	610
80	42
80	769
80	528
80	32
80	131
80	304
80	258
80	773
80	660
80	264
80	104
80	16
80	592
80	522
80	148
81	0
81	128
81	553
81	320
81	6
81	548
81	160
81	32
81	940
81	688
81	72
81	136
81	17
81	2
81	704
81	154
81	516
81	33
81	56
82	0
82	128
82	170
82	168
82	65
82	32
82	329
82	595
82	533
82	257
82	5
82	417
82	672
82	588
82	800
82	770
82	270
82	534
82	66
82	513
82	516
82	582
83	399
83	43
83	330
83	320
83	8
84	25
84	256
84	652
84	100
84	32
84	131
84	72
84	577
84	53
84	675
84	896
84	422
84	2
84	176
84	64
84	264
84	262
84	29
84	403
84	24
84	424
84	8
84	136
84	832
84	26
84	513
85	32
85	150
85	464
85	192
85	896
85	4
85	916
85	800
86	276
86	256
86	12
86	364
86	648
86	2
86	65
87	528
87	784
88	0
88	128
88	256
88	32
88	65
88	259
88	131
88	3
88	212
88	33
88	20
88	320
88	264
88	5
88	34
88	1
88	224
88	513
88	179
88	516
89	32
89	900
89	132
89	40
89	256
89	86
89	24
89	528
89	290
90	145
90	22
90	132
90	609
90	544
90	3
90	165
90	524
90	384
90	56
91	24
91	325
91	770
92	0
92	580
92	257
92	50
92	16
92	82
92	65
92	32
92	67
92	4
92	546
92	68
94	306
95	32
96	0
96	525
96	256
96	80
96	512
96	168
96	273
96	160
96	394
96	17
96	146
96	768
96	416
96	200
96	33
96	56
96	257
96	545
96	275
96	576
96	578
96	36
96	9
96	19
96	34
96	292
96	1
96	642
96	534
96	513
96	4
96	352
96	128
96	300
96	98
96	640
96	541
96	198
96	577
96	514
96	528
96	384
96	208
96	32
96	334
96	544
96	216
96	288
96	72
96	18
96	12
96	48
96	2
96	530
96	5
96	16
96	643
96	673
96	175
96	800
96	277
96	129
96	132
96	8
96	821
96	261
96	385
96	204
96	560
96	214
96	597
96	97
97	0
97	128
97	256
97	512
97	259
97	321
97	156
97	101
97	68
97	64
97	49
97	705
97	264
97	928
97	137
97	34
97	129
97	265
97	7
97	4
97	776
97	280
98	0
98	784
98	40
98	256
98	640
98	168
98	512
98	384
98	32
98	10
98	309
98	201
98	3
98	18
98	772
98	840
98	20
98	64
98	540
98	272
98	899
98	24
98	448
98	277
98	129
98	486
98	132
98	535
98	8
98	136
98	400
98	66
98	593
98	260
99	213
99	72
99	640
99	48
99	198
99	9
99	520
100	0
100	912
100	128
100	43
100	263
100	835
100	512
100	652
100	288
100	282
100	2
100	56
100	130
100	164
100	316
100	20
100	16
100	5
100	144
100	134
100	517
100	1
100	592
100	132
100	96
100	8
100	136
100	296
100	560
101	0
101	16
101	422
101	261
101	104
102	80
102	580
102	128
102	120
102	888
102	44
104	25
104	640
104	512
104	514
104	384
104	88
104	32
104	160
104	288
104	768
104	262
104	402
104	275
104	672
104	272
104	36
104	6
104	1
104	96
104	521
104	649
104	4
104	513
104	516
104	388
105	0
105	40
105	640
105	340
105	425
105	33
105	194
106	32
106	20
106	163
106	72
106	256
106	653
106	272
107	512
107	3
107	128
108	259
108	805
108	326
108	16
108	4
108	514
108	2
109	832
109	576
110	0
110	768
110	24
110	81
112	0
112	529
112	193
112	57
112	65
112	145
112	72
112	18
112	274
112	690
112	140
112	530
112	16
112	6
112	563
112	34
112	424
112	132
112	136
112	135
112	385
112	4
112	836
113	0
113	10
113	64
113	544
113	5
113	139
113	152
113	520
113	674
114	0
114	392
114	128
114	136
114	521
114	4
114	512
114	2
114	1
115	256
115	392
115	704
116	145
116	8
116	150
116	161
116	513
116	768
116	2
116	19
116	70
117	514
118	768
118	65
120	912
120	213
120	128
120	16
120	272
120	513
120	2
121	0
121	33
122	273
126	672
128	0
128	852
128	781
128	363
128	978
128	386
128	259
128	146
128	41
128	344
128	33
128	772
128	906
128	177
128	320
128	672
128	19
128	292
128	486
128	202
128	82
128	534
128	165
128	66
128	513
128	352
128	120
128	640
128	552
128	266
128	12
128	115
128	68
128	27
128	2
128	530
128	5
128	129
128	270
128	52
128	560
128	240
128	520
128	63
128	529
128	256
128	80
128	835
128	678
128	211
128	196
128	13
128	130
128	188
128	532
128	576
128	9
128	144
128	36
128	24
128	322
128	801
128	54
128	96
128	677
128	136
128	76
128	626
128	970
128	4
128	328
128	769
128	384
128	10
128	544
128	780
128	258
128	264
128	16
128	261
128	23
128	37
128	194
128	659
128	126
128	512
128	269
128	168
128	100
128	585
128	394
128	185
128	646
128	392
128	553
128	133
128	6
128	34
128	1
128	312
128	832
128	556
128	112
128	260
128	128
128	594
128	78
128	376
128	58
128	514
128	550
128	65
128	288
128	72
128	18
128	48
128	778
128	657
128	22
128	192
128	272
128	517
128	277
128	8
128	307
128	97
128	50
128	566
128	849
128	70
128	289
128	17
128	768
128	64
128	262
128	257
128	402
128	47
128	608
128	521
128	516
128	25
128	368
128	806
128	528
128	28
128	32
128	131
128	268
128	324
128	840
128	134
128	522
128	92
128	542
128	67
128	296
128	385
128	148
128	204
128	74
128	776
129	0
129	512
129	526
129	386
129	160
129	772
129	788
129	6
129	672
129	561
129	292
129	1
129	82
129	265
129	400
129	904
129	352
129	260
129	128
129	40
129	552
129	640
129	281
129	98
129	69
129	55
129	72
129	18
129	27
129	38
129	2
129	620
129	644
129	147
129	800
129	8
129	224
129	560
129	525
129	656
129	84
129	256
129	80
129	736
129	70
129	17
129	768
129	130
129	64
129	532
129	576
129	9
129	583
129	11
129	424
129	4
129	368
129	565
129	57
129	32
129	10
129	274
129	258
129	264
129	16
129	522
129	770
129	46
130	0
130	256
130	263
130	193
130	80
130	512
130	363
130	160
130	396
130	336
130	140
130	130
130	9
130	36
130	866
130	389
130	292
130	1
130	642
130	536
130	96
130	66
130	513
130	4
130	648
130	352
130	280
130	228
130	580
130	784
130	40
130	930
130	250
130	514
130	528
130	384
130	850
130	65
130	32
130	131
130	288
130	321
130	53
130	12
130	834
130	161
130	48
130	68
130	258
130	661
130	2
130	774
130	305
130	657
130	99
130	192
130	104
130	16
130	272
130	460
130	162
130	129
130	770
130	132
130	8
130	296
130	46
130	641
130	23
130	593
130	520
130	37
130	97
131	0
131	128
131	44
131	512
131	73
131	526
131	32
131	600
131	288
131	294
131	268
131	344
131	13
131	130
131	290
131	64
131	530
131	150
131	746
131	5
131	16
131	6
131	1
131	82
131	8
131	4
131	513
131	520
131	97
132	0
132	43
132	529
132	163
132	609
132	50
132	512
132	586
132	160
132	680
132	600
132	523
132	865
132	329
132	3
132	155
132	185
132	772
132	177
132	114
132	518
132	545
132	320
132	257
132	432
132	578
132	9
132	34
132	1
132	158
132	96
132	136
132	564
132	714
132	516
132	173
132	580
132	128
132	391
132	640
132	514
132	32
132	834
132	274
132	72
132	920
132	12
132	778
132	268
132	896
132	68
132	774
132	2
132	531
132	258
132	657
132	530
132	192
132	264
132	16
132	517
132	129
132	92
132	132
132	81
132	261
132	296
132	385
132	593
132	37
132	97
133	0
133	784
133	529
133	128
133	524
133	526
133	599
133	10
133	18
133	17
133	33
133	416
133	89
133	29
133	578
133	16
133	643
133	9
133	548
133	34
133	1
133	52
133	8
133	261
133	296
133	516
133	342
133	280
134	0
134	256
134	338
134	594
134	386
134	259
134	3
134	33
134	109
134	140
134	848
134	320
134	257
134	576
134	16
134	36
134	448
134	34
134	132
134	534
134	81
134	4
134	516
134	560
135	64
135	266
135	180
135	16
135	9
135	512
135	4
135	386
135	1
136	0
136	45
136	86
136	512
136	386
136	41
136	422
136	518
136	971
136	303
136	217
136	672
136	1
136	612
136	370
136	66
136	832
136	260
136	128
136	40
136	640
136	69
136	514
136	65
136	94
136	288
136	72
136	18
136	12
136	38
136	2
136	192
136	8
136	170
136	256
136	80
136	70
136	537
136	88
136	500
136	13
136	130
136	114
136	64
136	49
136	257
136	532
136	576
136	144
136	96
136	308
136	4
136	218
136	516
136	328
136	42
136	25
136	325
136	528
136	384
136	32
136	544
136	268
136	321
136	324
136	258
136	21
136	16
136	137
136	134
136	345
136	770
136	117
136	148
136	37
136	194
137	0
137	328
137	128
137	657
137	142
137	256
137	299
137	769
137	16
137	450
137	512
137	6
137	548
137	10
137	8
137	96
137	72
137	136
137	66
137	278
137	768
137	33
137	2
137	20
138	0
138	128
138	640
138	512
138	665
138	160
138	544
138	690
138	161
138	212
138	140
138	518
138	2
138	258
138	291
138	738
138	392
138	20
138	9
138	6
138	1
138	46
138	520
139	0
139	66
139	128
139	256
139	262
139	129
140	128
140	656
140	256
140	769
140	269
140	32
140	840
140	290
140	337
140	746
140	264
140	104
140	785
140	770
140	136
140	7
140	8
140	182
140	66
140	26
140	4
140	520
141	8
141	3
141	577
141	640
141	512
141	304
141	19
141	582
142	321
142	267
142	128
142	24
142	517
142	515
143	65
143	640
144	0
144	256
144	50
144	15
144	80
144	512
144	273
144	172
144	30
144	160
144	523
144	138
144	17
144	430
144	515
144	772
144	968
144	130
144	290
144	64
144	20
144	320
144	262
144	257
144	576
144	788
144	144
144	6
144	24
144	34
144	1
144	642
144	82
144	96
144	112
144	4
144	949
144	513
144	648
144	580
144	40
144	35
144	113
144	514
144	384
144	208
144	83
144	32
144	10
144	288
144	544
144	780
144	274
144	690
144	803
144	2
144	258
144	337
144	192
144	16
144	272
144	592
144	152
144	162
144	8
144	520
144	97
145	0
145	128
145	84
145	44
145	198
145	512
145	141
145	323
145	65
145	131
145	288
145	258
145	452
145	404
145	518
145	242
145	578
145	144
145	1
145	52
145	96
145	8
145	76
145	66
145	4
145	516
145	260
146	0
146	529
146	256
146	640
146	98
146	512
146	83
146	32
146	356
146	160
146	10
146	815
146	48
146	546
146	2
146	56
146	337
146	773
146	264
146	104
146	576
146	16
146	277
146	1
146	4
146	513
146	516
146	301
147	0
147	16
147	36
147	4
147	282
147	1
148	0
148	256
148	98
148	80
148	512
148	145
148	32
148	10
148	289
148	12
148	321
148	896
148	768
148	33
148	2
148	515
148	455
148	5
148	133
148	34
148	8
148	67
148	224
148	521
148	890
148	26
149	0
149	658
149	695
149	512
149	70
149	640
150	0
150	64
150	116
150	368
150	263
150	4
150	33
150	141
151	128
152	0
152	256
152	80
152	512
152	288
152	289
152	12
152	2
152	33
152	324
152	140
152	64
152	773
152	320
152	257
152	576
152	16
152	800
152	1
152	132
152	8
152	67
152	608
152	332
152	148
152	194
153	0
153	64
153	20
153	128
153	49
153	16
153	70
154	4
154	512
154	544
154	522
154	610
155	454
156	832
156	184
156	8
156	34
156	44
157	0
157	197
157	6
157	576
158	8
158	800
158	21
160	0
160	213
160	256
160	512
160	652
160	323
160	839
160	88
160	160
160	289
160	546
160	278
160	56
160	140
160	64
160	20
160	320
160	645
160	262
160	788
160	144
160	6
160	236
160	1
160	322
160	11
160	96
160	777
160	295
160	400
160	66
160	4
160	516
160	85
160	784
160	580
160	128
160	40
160	35
160	69
160	514
160	528
160	65
160	32
160	10
160	18
160	12
160	780
160	48
160	584
160	313
160	324
160	2
160	14
160	16
160	272
160	673
160	517
160	800
160	8
160	271
160	708
160	23
161	42
161	80
161	552
161	512
161	32
161	359
161	72
161	68
161	422
161	64
161	20
161	320
161	257
161	576
161	144
161	272
161	6
161	24
161	152
161	536
161	8
161	66
161	354
161	260
162	0
162	864
162	384
162	65
162	323
162	577
162	780
162	686
162	258
162	130
162	20
162	576
162	14
162	5
162	16
162	217
162	1
162	4
162	556
162	513
162	74
162	240
162	260
163	0
163	64
163	4
163	832
163	528
163	388
164	0
164	128
164	84
164	256
164	640
164	512
164	514
164	34
164	77
164	795
164	10
164	270
164	8
164	3
164	76
164	436
164	68
164	648
164	37
164	2
164	258
165	0
165	82
165	656
165	834
165	24
165	4
165	1
165	2
165	292
165	840
166	0
166	64
166	20
166	320
166	136
166	12
166	16
166	4
166	129
167	2
167	64
167	16
168	128
168	256
168	769
168	594
168	514
168	384
168	721
168	3
168	146
168	2
168	258
168	644
168	22
168	532
168	264
168	576
168	133
168	144
168	272
168	536
168	54
168	370
168	4
168	286
168	513
168	352
168	610
169	832
169	128
169	332
169	193
169	15
170	580
170	533
170	212
170	66
170	48
170	512
170	2
171	264
172	0
172	392
172	12
172	80
172	1
172	260
173	304
173	132
176	0
176	128
176	256
176	552
176	69
176	512
176	528
176	32
176	3
176	728
176	538
176	17
176	268
176	68
176	896
176	267
176	540
176	164
176	518
176	276
176	89
176	705
176	257
176	387
176	820
176	8
176	66
176	832
177	0
177	32
177	4
177	3
177	532
177	261
178	330
178	33
178	273
178	262
178	256
179	98
180	0
180	48
180	8
180	40
180	576
181	98
181	20
181	768
181	682
182	449
182	576
183	809
183	64
184	0
184	64
184	266
184	132
184	385
184	33
184	102
184	624
185	256
186	259
186	577
186	4
188	528
188	256
191	386
192	0
192	90
192	340
192	193
192	512
192	30
192	160
192	146
192	200
192	33
192	772
192	712
192	392
192	792
192	133
192	292
192	1
192	556
192	513
192	128
192	40
192	581
192	69
192	651
192	18
192	464
192	38
192	2
192	22
192	192
192	425
192	272
192	129
192	270
192	132
192	8
192	210
192	256
192	562
192	138
192	3
192	17
192	768
192	357
192	56
192	130
192	290
192	576
192	144
192	96
192	136
192	4
192	516
192	769
192	384
192	28
192	32
192	10
192	544
192	946
192	324
192	258
192	533
192	660
192	403
192	16
192	296
192	67
192	261
193	0
193	794
193	40
193	44
193	193
193	32
193	544
193	577
193	589
193	68
193	584
193	2
193	64
193	576
193	16
193	144
193	559
193	592
193	129
193	96
193	54
193	260
194	0
194	128
194	256
194	80
194	160
194	288
194	266
194	544
194	68
194	666
194	772
194	2
194	518
194	530
194	257
194	576
194	108
194	9
194	6
194	24
194	559
194	8
194	385
194	560
194	102
195	0
195	48
195	36
195	584
195	256
196	0
196	525
196	128
196	40
196	579
196	256
196	35
196	640
196	353
196	512
196	160
196	288
196	3
196	768
196	840
196	258
196	64
196	644
196	257
196	9
196	330
196	132
196	165
196	898
196	836
196	516
196	214
196	97
197	119
197	530
197	8
197	182
197	9
197	290
198	16
198	512
198	417
198	17
198	15
199	257
200	0
200	21
200	128
200	432
200	660
200	402
200	566
200	80
200	272
200	387
200	786
200	88
200	547
200	71
200	544
200	54
200	8
200	17
200	161
200	4
200	704
200	513
201	822
201	96
201	36
201	132
201	136
201	18
202	0
202	259
202	64
202	104
202	640
202	804
202	139
202	312
203	32
203	782
203	168
203	16
204	0
204	8
204	188
204	769
204	640
204	48
204	768
204	112
205	400
206	133
206	34
207	73
208	0
208	42
208	300
208	35
208	992
208	802
208	769
208	512
208	197
208	58
208	196
208	160
208	865
208	17
208	48
208	33
208	416
208	64
208	257
208	16
208	272
208	517
208	1
208	424
208	8
208	261
209	562
209	320
209	3
209	268
209	5
209	26
209	520
210	672
210	229
210	14
210	16
210	512
210	272
210	524
210	1
210	138
210	288
210	136
210	520
210	140
211	224
211	320
212	64
212	360
212	16
212	513
212	265
212	312
212	549
214	2
216	9
216	172
216	906
216	194
216	129
217	3
217	528
217	1
218	69
219	20
220	522
222	704
224	0
224	164
224	328
224	257
224	512
224	9
224	1
224	561
224	24
224	34
224	28
224	132
224	72
224	544
224	336
224	513
224	768
224	301
224	2
224	388
225	0
225	64
225	10
225	54
225	80
225	578
225	66
225	4
225	74
225	65
226	0
226	64
226	256
226	576
226	4
226	772
226	352
227	0
227	216
227	81
228	544
228	4
228	514
228	177
228	528
228	1
228	88
229	82
229	131
230	0
230	21
230	872
232	642
232	530
232	80
232	512
232	513
232	416
232	24
232	772
232	520
234	24
236	322
237	832
240	164
240	328
240	17
240	14
240	578
240	2
240	1
241	145
241	624
242	1
244	140
245	514
246	521
248	0
248	141
248	513
256	0
256	579
256	193
256	353
256	73
256	519
256	923
256	273
256	652
256	259
256	706
256	336
256	41
256	344
256	200
256	33
256	518
256	672
256	19
256	82
256	612
256	295
256	400
256	66
256	513
256	280
256	824
256	640
256	552
256	139
256	145
256	266
256	12
256	38
256	472
256	68
256	803
256	2
256	418
256	624
256	404
256	530
256	858
256	5
256	590
256	740
256	800
256	129
256	52
256	132
256	520
256	256
256	80
256	693
256	902
256	196
256	523
256	600
256	13
256	130
256	290
256	49
256	861
256	532
256	576
256	36
256	144
256	9
256	24
256	322
256	54
256	308
256	136
256	76
256	4
256	730
256	582
256	328
256	632
256	44
256	384
256	10
256	544
256	780
256	304
256	774
256	554
256	258
256	540
256	264
256	16
256	448
256	420
256	261
256	86
256	340
256	15
256	512
256	160
256	553
256	705
256	276
256	578
256	133
256	6
256	34
256	1
256	785
256	135
256	332
256	112
256	580
256	128
256	40
256	98
256	69
256	514
256	721
256	65
256	18
256	48
256	305
256	644
256	657
256	192
256	272
256	673
256	390
256	152
256	373
256	8
256	641
256	286
256	761
256	233
256	84
256	676
256	226
256	768
256	449
256	151
256	114
256	64
256	20
256	262
256	257
256	402
256	548
256	536
256	195
256	521
256	648
256	516
256	25
256	338
256	806
256	28
256	528
256	208
256	32
256	598
256	834
256	21
256	99
256	14
256	137
256	134
256	770
256	592
256	522
256	929
256	92
256	7
256	67
256	385
256	148
256	74
256	102
257	0
257	609
257	256
257	50
257	180
257	512
257	71
257	306
257	768
257	56
257	646
257	130
257	64
257	392
257	618
257	545
257	576
257	144
257	232
257	672
257	24
257	1
257	536
257	521
257	136
257	400
257	66
257	4
257	648
257	836
257	617
257	128
257	44
257	594
257	98
257	141
257	514
257	384
257	528
257	32
257	288
257	72
257	161
257	274
257	780
257	48
257	2
257	21
257	644
257	22
257	99
257	264
257	104
257	16
257	450
257	134
257	162
257	330
257	704
257	622
257	560
257	776
257	74
257	520
257	51
258	0
258	340
258	256
258	84
258	50
258	197
258	80
258	353
258	512
258	652
258	226
258	585
258	160
258	538
258	17
258	176
258	130
258	942
258	140
258	432
258	34
258	576
258	133
258	144
258	9
258	1
258	106
258	19
258	536
258	209
258	82
258	96
258	136
258	400
258	513
258	26
258	4
258	904
258	260
258	128
258	40
258	338
258	640
258	769
258	98
258	198
258	58
258	78
258	284
258	28
258	550
258	32
258	216
258	577
258	72
258	18
258	12
258	2
258	258
258	337
258	644
258	127
258	264
258	192
258	5
258	137
258	129
258	8
258	224
258	210
258	385
258	23
258	520
259	0
259	64
259	320
259	128
259	656
259	16
259	640
259	326
259	760
259	993
259	272
259	672
259	1
259	65
259	32
259	132
259	8
259	521
259	296
259	385
259	2
259	480
259	520
260	0
260	656
260	609
260	512
260	73
260	273
260	680
260	196
260	160
260	75
260	329
260	336
260	344
260	33
260	64
260	142
260	578
260	133
260	36
260	24
260	588
260	1
260	536
260	424
260	105
260	513
260	4
260	648
260	617
260	128
260	907
260	40
260	824
260	640
260	69
260	528
260	384
260	208
260	201
260	32
260	10
260	266
260	544
260	72
260	12
260	68
260	2
260	258
260	14
260	264
260	104
260	16
260	147
260	448
260	7
260	8
260	692
260	81
260	385
260	148
260	560
260	520
261	0
261	912
261	580
261	128
261	256
261	44
261	769
261	512
261	514
261	526
261	32
261	131
261	394
261	288
261	12
261	33
261	171
261	176
261	64
261	264
261	142
261	16
261	144
261	9
261	24
261	642
261	148
262	128
262	256
262	640
262	180
262	514
262	586
262	32
262	201
262	33
262	164
262	432
262	192
262	576
262	108
262	36
262	24
262	448
262	312
262	132
262	608
262	832
262	513
262	689
262	776
262	388
263	266
263	338
263	16
263	144
263	168
263	648
263	292
263	449
263	1
264	0
264	213
264	45
264	656
264	256
264	80
264	512
264	849
264	70
264	196
264	523
264	3
264	706
264	71
264	116
264	17
264	177
264	667
264	247
264	452
264	130
264	290
264	64
264	276
264	39
264	576
264	36
264	6
264	868
264	322
264	1
264	642
264	536
264	96
264	195
264	136
264	76
264	534
264	66
264	513
264	4
264	218
264	516
264	633
264	280
264	580
264	784
264	28
264	65
264	145
264	651
264	131
264	288
264	544
264	18
264	304
264	2
264	258
264	16
264	147
264	129
264	52
264	330
264	132
264	8
264	408
264	520
264	74
264	37
264	388
265	0
265	674
265	40
265	368
265	256
265	50
265	514
265	145
265	131
265	544
265	266
265	598
265	3
265	17
265	324
265	33
265	2
265	262
265	576
265	227
265	144
265	36
265	742
265	8
265	400
265	4
265	112
266	40
266	932
266	193
266	566
266	640
266	512
266	386
266	10
266	12
266	68
266	2
266	818
266	720
266	320
266	192
266	16
266	24
266	517
266	132
266	548
266	785
266	536
266	944
266	8
266	96
266	54
266	67
266	534
266	513
266	311
266	352
266	97
267	0
267	62
267	320
267	18
267	857
267	15
267	66
267	58
267	56
268	0
268	128
268	40
268	604
268	256
268	640
268	35
268	180
268	652
268	528
268	65
268	88
268	32
268	10
268	309
268	288
268	577
268	53
268	274
268	161
268	569
268	200
268	267
268	264
268	16
268	672
268	448
268	1
268	8
268	400
268	385
268	241
268	97
269	131
269	512
269	20
269	532
269	864
270	518
270	81
270	281
270	4
270	68
270	554
270	176
272	0
272	609
272	84
272	256
272	80
272	512
272	386
272	160
272	122
272	289
272	17
272	41
272	176
272	712
272	130
272	64
272	320
272	532
272	142
272	9
272	144
272	36
272	6
272	1
272	82
272	801
272	11
272	677
272	76
272	534
272	66
272	165
272	4
272	354
272	128
272	580
272	784
272	40
272	640
272	514
272	145
272	32
272	131
272	288
272	72
272	18
272	961
272	48
272	321
272	410
272	68
272	2
272	192
272	264
272	16
272	5
272	272
272	129
272	770
272	7
272	8
272	649
272	704
272	641
272	776
272	520
273	0
273	113
273	40
273	256
273	640
273	178
273	512
273	384
273	138
273	600
273	752
273	289
273	17
273	12
273	48
273	258
273	2
273	906
273	49
273	264
273	36
273	592
273	129
273	832
273	4
273	708
274	0
274	518
274	64
274	128
274	320
274	256
274	576
274	16
274	133
274	58
274	1
274	523
274	577
274	8
274	3
274	146
274	81
274	556
274	898
274	4
274	584
274	33
274	258
275	0
275	32
275	10
275	136
275	224
275	864
275	65
276	0
276	64
276	529
276	297
276	256
276	264
276	193
276	512
276	6
276	100
276	292
276	208
276	96
276	607
276	18
276	67
276	832
276	641
276	13
276	258
276	280
276	260
277	0
277	265
277	72
277	242
277	576
277	5
277	144
277	512
277	517
277	65
278	128
278	42
278	598
278	257
278	227
278	98
278	144
278	838
278	204
278	2
279	428
279	128
279	132
280	0
280	128
280	529
280	25
280	391
280	524
280	196
280	32
280	544
280	336
280	140
280	130
280	2
280	176
280	624
280	845
280	64
280	89
280	192
280	36
280	563
280	1
280	31
280	8
280	148
280	750
280	165
280	4
280	648
281	10
281	965
281	661
281	56
281	50
282	0
282	337
282	644
282	66
282	512
282	616
282	355
282	196
283	464
284	0
284	228
284	20
284	268
284	80
284	48
284	168
284	2
285	0
285	256
287	513
288	0
288	529
288	256
288	193
288	80
288	782
288	70
288	289
288	17
288	697
288	33
288	130
288	257
288	20
288	320
288	262
288	39
288	532
288	144
288	34
288	1
288	642
288	96
288	820
288	4
288	332
288	42
288	25
288	406
288	640
288	83
288	145
288	32
288	10
288	72
288	288
288	544
288	48
288	778
288	2
288	258
288	337
288	660
288	570
288	192
288	681
288	16
288	450
288	272
288	448
288	129
288	498
288	52
288	8
288	67
288	81
288	776
289	0
289	151
289	42
289	89
289	264
289	376
289	299
289	36
289	736
289	528
289	288
289	536
289	10
289	96
289	72
289	8
289	274
289	513
289	4
289	2
289	130
290	912
290	580
290	84
290	256
290	769
290	640
290	73
290	680
290	116
290	2
290	554
290	290
290	64
290	16
290	292
290	1
290	860
290	424
290	132
290	516
290	296
290	4
290	26
290	842
290	809
290	836
291	0
291	16
291	64
291	512
291	544
292	604
292	656
292	40
292	10
292	160
292	288
292	546
292	130
292	164
292	64
292	257
292	14
292	576
292	144
292	272
292	390
292	34
292	265
292	424
292	132
292	348
292	8
292	608
292	261
292	560
292	520
292	260
293	32
293	562
293	650
293	256
293	578
293	280
294	0
294	524
294	165
294	778
294	132
294	12
295	800
295	64
296	0
296	128
296	163
296	40
296	50
296	281
296	481
296	512
296	211
296	10
296	288
296	336
296	2
296	64
296	643
296	24
296	152
296	34
296	8
296	516
296	776
296	260
297	164
297	657
297	192
297	81
297	16
297	267
297	304
297	661
297	1
298	0
298	64
298	8
298	264
298	257
298	262
298	123
298	272
298	4
298	137
298	19
298	65
299	36
299	2
299	258
300	0
300	32
300	288
300	289
300	257
300	12
300	513
300	810
300	592
300	65
302	0
302	48
304	0
304	456
304	529
304	128
304	300
304	512
304	519
304	586
304	453
304	138
304	3
304	161
304	546
304	13
304	64
304	89
304	192
304	576
304	672
304	129
304	914
304	8
304	136
304	714
304	46
304	516
304	836
304	260
304	388
305	0
305	584
305	332
305	588
305	130
306	536
306	689
306	129
306	267
306	6
306	24
306	60
306	130
306	209
307	100
308	0
308	10
308	128
308	288
308	8
308	193
308	448
308	2
308	129
309	34
312	585
312	33
312	97
312	37
312	769
313	324
313	545
313	576
314	4
314	437
316	99
316	193
318	96
320	0
320	163
320	256
320	197
320	586
320	168
320	273
320	73
320	153
320	70
320	196
320	160
320	289
320	17
320	200
320	56
320	149
320	64
320	20
320	320
320	150
320	545
320	788
320	144
320	36
320	6
320	24
320	1
320	801
320	642
320	96
320	54
320	66
320	4
320	832
320	809
320	107
320	42
320	128
320	406
320	640
320	594
320	398
320	514
320	384
320	32
320	266
320	544
320	18
320	12
320	778
320	38
320	2
320	404
320	555
320	783
320	99
320	192
320	16
320	918
320	134
320	517
320	152
320	129
320	52
320	8
320	224
320	67
320	520
320	194
321	0
321	25
321	256
321	552
321	512
321	168
321	384
321	10
321	288
321	544
321	598
321	12
321	68
321	773
321	20
321	22
321	192
321	532
321	517
321	1
321	448
321	162
321	522
321	322
321	677
321	67
321	710
321	593
321	388
322	0
322	128
322	256
322	640
322	113
322	69
322	782
322	160
322	478
322	768
322	68
322	38
322	56
322	324
322	171
322	64
322	21
322	5
322	36
322	34
322	389
322	129
322	265
322	330
322	8
322	296
322	46
322	832
322	516
322	388
323	32
323	10
323	45
323	104
323	229
323	144
323	512
323	328
323	216
324	580
324	128
324	80
324	512
324	168
324	273
324	384
324	32
324	396
324	12
324	212
324	154
324	38
324	258
324	16
324	167
324	144
324	9
324	557
324	279
324	1
324	132
324	96
324	8
324	23
324	648
324	516
324	194
325	80
325	4
325	112
325	38
325	8
325	88
326	424
326	146
326	338
326	144
326	65
326	2
326	1
326	522
327	229
328	0
328	170
328	256
328	640
328	35
328	512
328	17
328	3
328	294
328	56
328	258
328	2
328	906
328	49
328	705
328	660
328	515
328	192
328	16
328	8
328	135
328	516
328	74
328	610
329	20
329	128
329	656
329	112
329	106
329	2
329	387
330	0
330	512
330	33
330	17
331	576
332	144
332	132
332	648
332	520
332	113
333	0
333	912
333	512
333	75
333	514
333	132
334	63
334	34
336	0
336	16
336	44
336	771
336	144
336	36
336	386
336	586
336	800
336	1
336	801
336	160
336	8
336	706
336	544
336	148
336	268
336	960
336	513
336	38
336	2
336	130
337	0
337	404
337	201
337	50
337	400
337	581
337	112
337	389
337	109
337	28
338	138
338	72
338	8
338	532
338	142
338	48
338	2
338	312
339	768
339	96
339	304
340	40
340	14
340	4
340	648
340	24
340	37
340	260
340	388
341	161
341	560
342	206
342	2
342	266
344	0
344	82
344	518
344	128
344	22
344	500
344	41
344	9
344	736
344	34
344	712
344	32
346	70
348	522
349	2
352	0
352	609
352	189
352	528
352	524
352	100
352	384
352	208
352	284
352	10
352	72
352	544
352	18
352	12
352	56
352	2
352	176
352	788
352	5
352	672
352	6
352	24
352	292
352	261
352	66
352	4
352	648
352	280
353	16
353	4
353	8
353	40
353	19
353	520
354	650
354	8
354	962
354	352
354	640
355	176
356	321
356	4
356	72
356	65
356	770
357	32
357	704
358	4
358	896
359	536
360	270
360	580
360	281
360	80
360	2
360	528
360	64
360	316
361	328
361	129
362	24
362	4
362	20
364	64
364	768
364	320
368	0
368	525
368	10
368	320
368	53
368	515
368	192
368	148
368	528
368	565
370	1
372	136
376	514
377	0
378	256
378	641
384	0
384	84
384	256
384	80
384	15
384	596
384	512
384	30
384	200
384	712
384	64
384	347
384	518
384	20
384	276
384	532
384	275
384	202
384	133
384	9
384	6
384	1
384	34
384	801
384	874
384	82
384	96
384	105
384	66
384	513
384	218
384	516
384	42
384	580
384	128
384	40
384	640
384	594
384	541
384	208
384	65
384	32
384	10
384	131
384	201
384	72
384	12
384	294
384	834
384	558
384	2
384	258
384	738
384	644
384	833
384	192
384	264
384	403
384	104
384	5
384	129
384	522
384	816
384	132
384	97
384	560
384	74
384	520
384	194
385	0
385	128
385	40
385	298
385	514
385	384
385	537
385	65
385	32
385	544
385	116
385	884
385	12
385	146
385	274
385	41
385	2
385	419
385	16
385	144
385	9
385	24
385	34
385	548
385	129
385	8
385	66
385	112
386	0
386	256
386	293
386	512
386	519
386	141
386	208
386	32
386	131
386	33
386	412
386	29
386	192
386	16
386	5
386	272
386	448
386	744
386	8
386	136
386	224
386	66
386	74
386	520
387	521
387	576
387	98
387	704
387	36
387	74
387	24
387	528
387	712
388	0
388	40
388	256
388	640
388	541
388	78
388	226
388	145
388	901
388	72
388	464
388	584
388	21
388	149
388	22
388	133
388	1
388	162
388	129
388	8
388	4
388	194
388	260
389	128
389	4
389	288
389	8
389	65
390	391
390	6
390	20
390	132
390	8
390	130
392	0
392	128
392	256
392	86
392	519
392	514
392	32
392	10
392	18
392	17
392	56
392	324
392	278
392	320
392	545
392	16
392	11
392	8
392	692
392	51
392	388
392	549
393	276
393	64
393	20
393	132
393	8
393	257
393	112
393	768
393	1
394	0
394	536
394	848
394	138
394	5
394	38
394	33
395	16
395	64
396	0
396	163
396	706
396	136
396	576
396	16
396	836
397	18
397	264
398	64
398	144
398	4
398	74
398	16
398	113
400	0
400	256
400	581
400	552
400	512
400	32
400	17
400	814
400	584
400	64
400	720
400	576
400	257
400	264
400	104
400	144
400	1
400	129
400	688
400	400
400	81
400	513
400	560
400	260
401	0
401	72
401	618
401	577
401	227
401	483
401	563
401	453
402	64
402	128
402	40
402	3
402	153
402	2
402	804
403	8
403	784
403	32
404	0
404	196
404	132
404	336
404	432
404	48
404	768
405	0
405	384
406	0
406	64
406	256
406	17
406	516
406	565
406	550
407	98
408	0
408	128
408	530
408	144
408	512
408	1
408	678
408	32
408	8
408	653
408	48
408	513
408	520
409	36
410	580
412	40
412	34
413	240
416	0
416	580
416	401
416	256
416	16
416	5
416	6
416	672
416	24
416	528
416	400
416	544
416	3
416	154
416	664
416	4
416	66
416	68
416	666
416	520
416	388
417	259
417	269
417	422
417	2
417	528
417	1
418	10
418	11
418	512
418	321
418	548
418	16
419	0
420	257
420	80
420	161
420	73
420	74
420	520
420	323
421	33
421	12
421	624
422	841
422	128
423	40
424	0
424	600
424	320
424	598
424	18
424	293
424	593
424	130
425	9
425	43
426	5
426	48
426	548
428	10
428	64
432	392
432	128
432	320
432	256
432	5
432	77
432	216
432	96
432	72
432	17
432	76
432	66
432	520
432	171
432	130
433	964
434	69
434	192
436	1
436	896
440	24
441	164
443	512
444	4
444	129
448	43
448	128
448	656
448	298
448	384
448	208
448	32
448	544
448	3
448	68
448	2
448	416
448	130
448	290
448	595
448	144
448	36
448	272
448	517
448	1
448	209
448	8
448	400
448	4
448	513
448	520
448	97
449	32
449	3
449	288
449	8
449	572
449	261
449	55
449	2
449	520
450	0
450	341
450	128
450	20
450	526
450	9
450	417
450	33
450	520
450	129
451	32
451	584
451	517
452	518
452	238
452	848
452	22
452	256
452	16
452	512
452	384
452	41
452	513
452	554
452	328
453	6
454	0
454	386
456	0
456	424
456	553
456	348
456	512
456	4
456	520
456	140
457	82
457	52
458	0
460	80
461	376
464	0
464	160
464	771
464	768
464	280
465	83
466	82
466	520
466	522
467	784
467	274
468	16
468	3
470	1
472	136
472	20
472	132
477	9
480	259
480	128
480	530
480	276
480	8
480	68
480	265
480	130
480	388
481	3
481	4
482	320
484	2
486	800
488	448
488	216
488	65
490	18
492	289
501	512
506	257
512	0
512	426
512	932
512	90
512	193
512	363
512	73
512	273
512	386
512	360
512	146
512	546
512	200
512	33
512	983
512	177
512	320
512	718
512	672
512	292
512	82
512	265
512	400
512	179
512	66
512	513
512	311
512	352
512	280
512	85
512	581
512	339
512	640
512	552
512	577
512	12
512	68
512	2
512	418
512	164
512	89
512	5
512	800
512	132
512	358
512	224
512	520
512	256
512	196
512	138
512	110
512	278
512	130
512	290
512	515
512	9
512	36
512	322
512	914
512	136
512	4
512	836
512	328
512	361
512	384
512	343
512	544
512	920
512	395
512	304
512	258
512	540
512	833
512	264
512	16
512	448
512	614
512	498
512	692
512	37
512	51
512	466
512	512
512	269
512	378
512	100
512	453
512	160
512	176
512	646
512	392
512	149
512	578
512	792
512	6
512	34
512	1
512	312
512	225
512	135
512	112
512	302
512	128
512	40
512	98
512	69
512	514
512	524
512	65
512	288
512	72
512	18
512	48
512	657
512	337
512	644
512	848
512	192
512	242
512	108
512	272
512	517
512	152
512	277
512	587
512	8
512	641
512	439
512	97
512	525
512	656
512	722
512	70
512	396
512	289
512	329
512	3
512	17
512	416
512	166
512	282
512	449
512	56
512	64
512	20
512	257
512	39
512	262
512	402
512	536
512	642
512	648
512	516
512	25
512	368
512	338
512	35
512	665
512	528
512	208
512	32
512	131
512	274
512	896
512	324
512	184
512	99
512	134
512	92
512	816
512	7
512	81
512	296
512	960
512	74
512	388
513	0
513	43
513	256
513	84
513	80
513	73
513	70
513	75
513	336
513	3
513	17
513	546
513	416
513	13
513	56
513	176
513	130
513	290
513	518
513	320
513	545
513	576
513	792
513	9
513	77
513	548
513	1
513	536
513	96
513	400
513	66
513	4
513	352
513	280
513	260
513	228
513	128
513	40
513	298
513	552
513	198
513	810
513	58
513	384
513	528
513	65
513	32
513	10
513	18
513	161
513	48
513	68
513	554
513	2
513	624
513	291
513	164
513	264
513	14
513	16
513	643
513	299
513	448
513	129
513	270
513	1018
513	132
513	8
513	148
513	520
514	0
514	15
514	180
514	413
514	269
514	336
514	146
514	41
514	200
514	772
514	140
514	276
514	578
514	133
514	672
514	236
514	34
514	1
514	265
514	400
514	513
514	784
514	128
514	40
514	552
514	640
514	300
514	69
514	524
514	488
514	72
514	18
514	12
514	161
514	68
514	803
514	337
514	129
514	132
514	8
514	210
514	346
514	689
514	529
514	84
514	256
514	596
514	196
514	138
514	675
514	56
514	416
514	64
514	532
514	36
514	24
514	424
514	4
514	674
514	178
514	44
514	769
514	398
514	484
514	528
514	28
514	32
514	713
514	268
514	324
514	840
514	21
514	533
514	104
514	592
514	162
514	522
514	816
514	261
515	0
515	512
515	384
515	160
515	562
515	216
515	68
515	146
515	155
515	457
515	546
515	584
515	200
515	916
515	64
515	320
515	257
515	34
515	588
515	1
515	8
515	271
515	648
515	352
516	0
516	529
516	579
516	256
516	80
516	512
516	273
516	138
516	706
516	3
516	156
516	33
516	130
516	568
516	290
516	64
516	20
516	515
516	144
516	24
516	34
516	1
516	785
516	82
516	265
516	96
516	136
516	399
516	4
516	280
516	354
516	128
516	724
516	35
516	178
516	769
516	98
516	514
516	528
516	83
516	32
516	544
516	577
516	12
516	161
516	27
516	2
516	21
516	264
516	14
516	16
516	517
516	162
516	592
516	522
516	330
516	7
516	8
516	408
516	704
516	23
516	520
516	97
517	0
517	42
517	40
517	256
517	35
517	528
517	72
517	268
517	472
517	304
517	2
517	130
517	20
517	645
517	36
517	6
517	24
517	152
517	369
517	287
517	136
517	67
517	4
517	776
518	0
518	784
518	512
518	528
518	32
518	196
518	336
518	17
518	278
518	64
518	320
518	104
518	229
518	658
518	16
518	19
518	1
518	132
518	8
518	148
518	516
518	51
519	0
519	801
519	8
519	928
519	800
519	1
519	97
520	0
520	656
520	84
520	256
520	512
520	172
520	160
520	706
520	71
520	768
520	449
520	64
520	20
520	39
520	257
520	532
520	144
520	36
520	6
520	24
520	1
520	209
520	96
520	54
520	136
520	76
520	135
520	66
520	4
520	352
520	610
520	784
520	128
520	341
520	40
520	98
520	325
520	550
520	83
520	804
520	32
520	72
520	547
520	18
520	12
520	274
520	321
520	2
520	258
520	848
520	99
520	192
520	264
520	104
520	16
520	152
520	277
520	129
520	373
520	348
520	132
520	560
520	428
520	593
520	520
521	0
521	682
521	50
521	193
521	519
521	384
521	88
521	32
521	10
521	395
521	56
521	531
521	177
521	257
521	5
521	16
521	272
521	144
521	36
521	6
521	448
521	277
521	1
521	52
521	96
521	8
521	136
521	66
521	513
521	516
521	260
521	388
522	0
522	50
522	512
522	386
522	138
522	17
522	68
522	768
522	278
522	140
522	20
522	364
522	36
522	6
522	1
522	261
522	296
522	148
522	832
522	4
522	105
522	74
522	97
523	10
523	132
523	96
523	50
523	596
523	512
523	4
523	34
523	166
524	0
524	163
524	656
524	256
524	80
524	384
524	484
524	577
524	544
524	464
524	41
524	546
524	418
524	365
524	130
524	20
524	320
524	49
524	257
524	5
524	9
524	616
524	1
524	129
524	132
524	641
524	560
525	192
525	17
525	576
525	4
525	512
525	134
525	34
525	416
526	0
526	64
526	320
526	256
526	432
526	1
526	10
526	132
526	521
526	105
526	2
526	120
527	0
527	580
528	0
528	90
528	512
528	519
528	172
528	386
528	33
528	553
528	320
528	578
528	672
528	6
528	34
528	1
528	265
528	777
528	66
528	26
528	513
528	128
528	864
528	514
528	139
528	804
528	65
528	288
528	12
528	48
528	584
528	2
528	5
528	272
528	147
528	152
528	129
528	8
528	560
528	689
528	656
528	256
528	70
528	409
528	71
528	17
528	568
528	130
528	290
528	64
528	262
528	576
528	195
528	76
528	4
528	124
528	42
528	769
528	384
528	528
528	141
528	32
528	10
528	53
528	321
528	21
528	184
528	14
528	681
528	229
528	16
528	417
528	67
528	296
528	385
528	148
528	480
528	37
529	0
529	128
529	401
529	802
529	552
529	512
529	65
529	32
529	48
529	108
529	427
529	209
529	536
529	82
529	261
529	534
529	385
529	66
529	516
529	480
529	352
529	240
529	610
530	0
530	84
530	50
530	80
530	528
530	484
530	544
530	72
530	336
530	154
530	344
530	101
530	48
530	68
530	258
530	140
530	257
530	264
530	578
530	36
530	24
530	521
530	224
530	81
530	4
531	139
531	9
531	50
531	8
531	416
531	208
532	0
532	674
532	128
532	609
532	44
532	69
532	512
532	384
532	386
532	145
532	160
532	288
532	464
532	48
532	768
532	262
532	257
532	16
532	9
532	6
532	1
532	129
532	228
532	120
533	0
533	32
533	8
533	256
533	224
533	272
533	73
533	97
533	522
534	72
534	256
534	16
534	66
534	272
534	384
534	2
534	176
535	0
535	33
535	128
536	0
536	779
536	769
536	65
536	32
536	3
536	17
536	13
536	2
536	291
536	99
536	16
536	144
536	420
536	34
536	1
536	129
536	82
536	195
536	4
536	112
536	516
536	260
536	610
537	322
537	92
537	3
537	44
537	546
537	48
537	68
537	384
537	130
538	0
538	532
538	36
538	676
538	650
538	400
538	67
538	68
538	896
538	546
538	482
538	388
538	291
539	82
539	352
540	0
540	64
540	160
540	256
540	264
540	640
540	516
540	2
541	256
542	8
543	8
543	386
543	42
544	0
544	912
544	512
544	526
544	273
544	30
544	160
544	336
544	146
544	140
544	60
544	320
544	327
544	34
544	1
544	82
544	285
544	165
544	260
544	128
544	65
544	18
544	12
544	68
544	154
544	2
544	192
544	5
544	450
544	132
544	8
544	157
544	393
544	256
544	80
544	88
544	902
544	289
544	116
544	869
544	908
544	114
544	64
544	257
544	49
544	405
544	9
544	144
544	36
544	106
544	744
544	424
544	308
544	521
544	136
544	195
544	4
544	25
544	341
544	401
544	338
544	528
544	384
544	32
544	10
544	321
544	896
544	16
544	299
544	522
544	183
544	261
544	649
544	296
544	388
545	787
545	256
545	73
545	65
545	706
545	17
545	294
545	2
545	620
545	258
545	130
545	64
545	184
545	576
545	9
545	387
545	6
545	34
545	19
545	1
545	785
545	536
545	136
545	513
545	112
545	280
545	102
546	328
546	128
546	512
546	208
546	141
546	65
546	30
546	284
546	72
546	17
546	395
546	27
546	38
546	130
546	49
546	746
546	257
546	14
546	16
546	9
546	672
546	592
546	129
546	132
546	8
546	261
546	346
546	148
547	0
547	128
547	262
547	17
547	268
547	260
548	0
548	552
548	580
548	128
548	193
548	40
548	178
548	35
548	451
548	281
548	512
548	523
548	160
548	10
548	865
548	752
548	538
548	3
548	274
548	13
548	774
548	64
548	20
548	320
548	788
548	515
548	264
548	576
548	16
548	450
548	272
548	34
548	82
548	132
548	8
548	81
548	534
548	66
548	280
549	48
549	269
549	641
549	620
549	1
549	640
550	57
550	530
550	132
550	33
550	32
550	130
551	53
552	0
552	674
552	98
552	69
552	138
552	17
552	110
552	304
552	840
552	774
552	1
552	420
552	770
552	7
552	754
552	296
552	66
552	165
552	4
552	593
552	37
553	0
553	114
553	64
553	75
553	433
553	17
553	26
553	472
553	4
554	0
554	400
554	106
554	512
554	528
554	837
554	389
554	1
555	256
555	582
556	0
556	32
556	276
556	896
556	9
556	514
556	24
556	83
557	128
557	52
558	3
558	640
560	0
560	43
560	256
560	35
560	259
560	329
560	336
560	12
560	306
560	33
560	2
560	176
560	22
560	320
560	29
560	264
560	129
560	96
560	54
560	832
560	112
560	214
560	520
561	0
561	32
561	64
561	132
561	136
561	66
561	13
561	280
562	0
562	32
562	224
562	193
562	38
562	512
562	704
562	200
562	34
562	260
562	721
563	95
563	9
563	96
564	0
564	42
564	807
564	20
564	49
564	157
564	144
564	129
564	131
564	10
565	32
566	528
566	76
568	32
568	20
568	336
568	17
568	272
568	2
568	522
569	384
569	192
570	4
572	179
573	522
576	0
576	529
576	50
576	256
576	709
576	193
576	80
576	512
576	30
576	70
576	138
576	650
576	768
576	518
576	290
576	64
576	20
576	49
576	257
576	515
576	142
576	36
576	24
576	1
576	4
576	66
576	516
576	648
576	836
576	260
576	128
576	40
576	640
576	824
576	178
576	384
576	65
576	528
576	28
576	32
576	145
576	10
576	131
576	288
576	72
576	577
576	12
576	274
576	48
576	946
576	620
576	2
576	258
576	644
576	16
576	272
576	137
576	448
576	841
576	129
576	52
576	132
576	8
576	224
576	385
576	46
576	520
576	194
577	0
577	674
577	128
577	42
577	640
577	802
577	80
577	552
577	512
577	65
577	32
577	138
577	3
577	371
577	56
577	2
577	33
577	324
577	548
577	1
577	11
577	136
577	261
577	23
577	51
578	0
578	128
578	40
578	368
578	512
578	793
578	528
578	721
578	259
578	138
578	288
578	48
578	130
578	49
578	532
578	104
578	5
578	9
578	34
578	265
578	132
578	400
578	66
578	97
578	388
579	160
579	128
579	40
579	464
579	514
579	272
579	137
579	34
579	208
580	0
580	128
580	40
580	524
580	514
580	384
580	386
580	32
580	920
580	546
580	584
580	200
580	258
580	518
580	257
580	39
580	545
580	576
580	16
580	6
580	548
580	8
580	4
580	582
581	42
581	288
581	96
581	394
581	8
581	12
581	16
581	554
581	2
582	0
582	160
582	40
582	544
582	781
582	66
582	385
582	48
582	4
582	462
582	520
582	388
583	848
583	512
583	201
584	529
584	256
584	640
584	512
584	88
584	900
584	600
584	288
584	289
584	727
584	164
584	177
584	290
584	64
584	188
584	16
584	34
584	1
584	129
584	96
584	8
584	224
584	46
584	520
585	568
585	20
585	105
585	292
585	18
585	356
586	0
586	265
586	40
586	256
586	176
587	537
588	465
588	98
588	66
588	306
588	249
588	520
588	97
589	321
589	64
590	33
592	0
592	128
592	40
592	256
592	44
592	769
592	300
592	514
592	32
592	288
592	394
592	17
592	48
592	546
592	773
592	657
592	276
592	578
592	104
592	16
592	272
592	1
592	8
592	261
592	704
592	4
592	556
593	0
593	22
593	276
593	146
593	5
593	556
593	512
593	588
594	530
594	128
594	36
594	514
594	93
594	129
595	273
595	16
596	138
596	656
596	992
596	19
596	210
596	261
597	321
597	10
597	132
597	156
598	101
598	2
598	608
599	386
600	145
600	20
600	96
600	3
600	12
600	4
600	672
600	2
600	74
601	513
602	66
602	192
604	24
604	256
604	512
608	0
608	997
608	256
608	113
608	640
608	80
608	512
608	519
608	10
608	356
608	32
608	488
608	131
608	18
608	12
608	690
608	13
608	140
608	772
608	624
608	130
608	164
608	64
608	29
608	192
608	14
608	5
608	299
608	9
608	522
608	121
608	8
608	307
608	4
608	482
608	520
609	0
609	4
609	257
610	290
610	265
610	195
610	136
610	12
610	472
610	304
610	13
611	162
612	0
612	322
612	8
612	3
612	33
612	273
612	384
612	130
613	4
613	76
614	808
616	3
616	872
616	100
616	72
616	256
616	12
617	82
617	4
617	20
617	1
618	0
618	128
618	20
620	276
620	368
620	278
623	260
624	0
624	57
624	600
624	40
624	12
624	4
624	938
625	134
625	171
626	0
626	24
626	48
628	0
628	109
628	132
632	409
633	0
633	2
638	317
640	0
640	213
640	604
640	256
640	193
640	80
640	512
640	586
640	273
640	676
640	768
640	416
640	130
640	64
640	150
640	320
640	276
640	257
640	77
640	24
640	601
640	36
640	9
640	672
640	31
640	548
640	1
640	785
640	536
640	96
640	26
640	165
640	66
640	648
640	551
640	280
640	128
640	40
640	368
640	281
640	552
640	864
640	514
640	528
640	32
640	10
640	18
640	266
640	547
640	598
640	212
640	268
640	2
640	624
640	530
640	169
640	14
640	616
640	770
640	315
640	816
640	330
640	132
640	8
640	261
640	355
640	148
640	286
640	408
640	704
640	611
640	708
640	74
641	0
641	256
641	50
641	32
641	160
641	10
641	288
641	71
641	48
641	33
641	845
641	24
641	257
641	320
641	16
641	29
641	192
641	142
641	5
641	144
641	36
641	34
641	390
641	19
641	1
641	322
641	805
641	8
641	81
641	4
641	74
642	328
642	263
642	44
642	524
642	528
642	28
642	721
642	32
642	544
642	18
642	881
642	200
642	130
642	64
642	20
642	320
642	5
642	272
642	292
642	448
642	1
642	265
642	7
642	52
642	8
642	608
642	66
642	516
642	520
643	0
643	64
643	257
643	256
643	15
643	14
643	232
643	384
643	32
643	8
643	608
643	4
644	0
644	328
644	42
644	524
644	284
644	70
644	32
644	10
644	544
644	68
644	584
644	2
644	553
644	64
644	20
644	192
644	5
644	16
644	9
644	137
644	19
644	642
644	132
644	8
644	898
644	513
644	560
644	260
645	0
645	976
645	25
645	8
645	101
645	267
645	97
646	0
646	656
646	8
646	17
646	768
646	516
646	2
647	544
647	1
648	0
648	632
648	609
648	256
648	594
648	32
648	288
648	48
648	68
648	130
648	257
648	405
648	320
648	533
648	262
648	264
648	576
648	19
648	786
648	785
648	608
648	135
648	66
648	513
649	677
649	36
649	514
649	389
649	768
649	676
649	34
650	133
650	36
650	416
650	50
650	257
650	1
651	64
652	269
652	144
652	654
652	132
652	416
652	513
653	77
654	16
654	468
655	773
656	0
656	656
656	168
656	512
656	514
656	356
656	32
656	160
656	18
656	274
656	68
656	110
656	56
656	720
656	257
656	264
656	16
656	5
656	144
656	24
656	106
656	1
656	129
656	158
656	81
656	4
656	516
657	256
657	41
657	708
657	512
657	148
657	800
657	384
658	0
658	32
658	20
658	288
658	49
658	40
658	685
658	2
658	129
658	65
659	0
659	8
660	530
660	645
660	256
660	189
660	264
660	619
660	16
660	1
660	132
660	8
660	48
660	817
660	37
661	0
662	256
664	0
664	656
664	8
665	664
665	37
665	210
666	64
666	576
667	337
668	0
668	35
672	0
672	256
672	640
672	113
672	552
672	153
672	938
672	32
672	18
672	146
672	48
672	530
672	264
672	144
672	132
672	777
672	330
672	7
672	8
672	157
672	66
672	4
672	260
673	0
673	784
673	160
673	20
673	8
673	144
673	13
673	34
673	520
674	0
674	32
674	256
674	76
674	12
674	14
674	4
674	133
674	232
675	24
675	548
676	0
676	32
676	160
676	688
676	256
676	257
676	832
676	260
677	682
677	608
678	321
678	128
678	584
680	320
680	3
680	17
680	134
680	776
680	73
680	586
680	28
680	386
680	610
681	10
682	386
684	8
685	128
688	0
688	320
688	649
688	945
688	5
688	300
688	772
689	0
689	64
690	194
691	76
692	912
693	32
694	272
694	130
696	152
696	276
696	256
696	65
696	388
704	0
704	35
704	512
704	273
704	606
704	75
704	538
704	780
704	2
704	33
704	531
704	772
704	64
704	14
704	262
704	192
704	264
704	576
704	1
704	34
704	277
704	92
704	8
704	54
704	261
704	385
704	832
704	776
705	0
705	57
705	513
705	577
705	548
705	522
706	0
706	96
706	24
706	257
706	400
706	260
707	32
708	128
708	544
708	35
708	9
708	2
708	1
708	130
709	8
709	792
709	64
710	384
710	324
711	200
712	75
712	401
712	784
712	96
712	35
712	5
712	97
713	2
713	84
714	24
715	536
720	288
720	8
720	336
720	268
720	34
720	137
720	176
720	416
720	776
720	97
721	18
722	8
722	514
724	544
724	17
728	139
729	0
729	257
730	64
732	512
736	16
736	641
736	528
736	520
736	32
737	545
737	4
737	340
738	5
738	36
738	768
738	336
738	2
738	193
739	160
740	256
740	36
744	66
744	128
752	10
753	133
754	0
755	512
760	404
768	0
768	193
768	180
768	512
768	100
768	306
768	546
768	772
768	200
768	33
768	176
768	646
768	720
768	320
768	788
768	578
768	6
768	34
768	1
768	688
768	66
768	332
768	580
768	98
768	69
768	514
768	65
768	288
768	12
768	161
768	48
768	68
768	2
768	418
768	164
768	337
768	530
768	5
768	129
768	393
768	560
768	520
768	70
768	3
768	282
768	166
768	130
768	290
768	64
768	515
768	36
768	588
768	91
768	4
768	827
768	328
768	25
768	83
768	28
768	713
768	32
768	544
768	304
768	774
768	264
768	16
768	134
768	296
768	261
768	385
768	388
769	0
769	128
769	86
769	88
769	65
769	585
769	294
769	268
769	56
769	2
769	64
769	192
769	14
769	658
769	34
769	205
769	1
769	96
769	608
769	684
769	513
769	97
770	0
770	384
770	547
770	72
770	201
770	577
770	3
770	200
770	768
770	416
770	644
770	320
770	276
770	16
770	9
770	132
770	8
770	261
770	4
770	704
771	196
771	128
771	264
771	113
771	154
771	512
772	512
772	384
772	208
772	226
772	10
772	896
772	68
772	140
772	362
772	64
772	657
772	192
772	16
772	186
772	6
772	1
772	708
772	174
772	66
772	4
772	112
772	516
773	0
773	8
773	192
773	66
773	46
773	69
773	4
773	708
773	384
773	65
774	132
774	90
774	192
774	17
774	296
774	68
774	512
774	514
774	804
775	33
775	546
775	8
776	340
776	512
776	386
776	32
776	488
776	160
776	288
776	68
776	395
776	33
776	149
776	20
776	257
776	192
776	402
776	16
776	36
776	162
776	1
776	642
776	96
776	132
776	4
776	832
776	480
776	97
776	520
776	260
777	196
777	8
777	168
777	300
777	514
777	148
777	672
778	138
778	128
778	131
778	705
778	264
778	640
778	33
778	1008
778	164
779	64
780	327
780	146
780	136
780	256
780	649
780	27
780	4
780	1
780	388
781	16
782	484
784	128
784	43
784	35
784	578
784	144
784	524
784	134
784	65
784	7
784	464
784	3
784	48
784	4
784	282
784	112
784	2
784	109
784	258
785	128
785	274
785	645
785	515
785	275
785	178
785	611
785	33
785	384
785	1
786	128
786	808
786	20
786	44
786	5
786	41
786	736
786	800
787	0
787	16
787	4
787	40
787	97
788	96
788	8
788	264
788	66
788	512
788	9
788	800
788	356
789	0
789	40
790	85
790	2
790	200
792	0
792	259
792	515
792	3
792	81
792	16
792	512
792	548
792	258
793	38
794	576
796	36
797	0
797	144
797	285
800	0
800	128
800	40
800	84
800	256
800	384
800	550
800	336
800	17
800	274
800	268
800	33
800	404
800	192
800	320
800	49
800	257
800	576
800	402
800	16
800	137
800	134
800	129
800	81
800	66
800	817
800	97
801	0
801	266
801	289
801	256
801	516
801	129
801	260
802	0
802	1
802	65
802	12
802	104
803	0
804	144
804	20
804	6
804	74
804	226
805	513
806	192
806	128
808	32
808	132
808	544
808	326
808	161
808	129
808	2
808	592
808	536
809	10
810	902
810	308
810	388
812	8
812	16
812	72
816	0
816	128
816	652
816	528
816	384
816	141
816	1
816	32
816	585
816	521
816	41
816	304
816	2
817	0
818	164
820	930
821	32
824	28
828	836
832	0
832	128
832	640
832	178
832	353
832	512
832	409
832	752
832	72
832	577
832	12
832	156
832	2
832	21
832	199
832	192
832	16
832	9
832	800
832	1
832	82
832	220
832	641
832	66
832	4
832	194
833	0
833	131
833	17
833	161
833	552
833	69
833	978
833	291
834	0
834	149
834	128
834	96
834	609
834	136
834	68
834	141
834	176
834	549
835	32
835	68
836	0
836	64
836	128
836	20
836	8
836	704
836	528
836	2
836	1
836	32
837	8
838	321
840	5
840	165
840	256
840	34
840	1
840	64
841	121
841	776
841	88
842	0
842	384
843	538
844	90
844	81
846	34
848	770
848	64
848	132
848	148
848	28
848	196
849	29
849	20
850	11
850	48
850	38
850	56
851	264
852	544
852	18
856	134
856	541
864	64
864	18
864	112
864	936
864	1
864	520
864	471
865	4
865	340
866	278
868	2
869	68
870	70
872	75
880	256
880	10
885	194
888	416
896	0
896	228
896	128
896	40
896	180
896	32
896	145
896	394
896	768
896	2
896	177
896	164
896	64
896	9
896	192
896	16
896	272
896	144
896	36
896	292
896	24
896	34
896	642
896	612
896	4
896	241
896	37
896	776
896	897
897	0
897	64
897	410
897	276
897	33
897	12
898	145
898	160
898	257
898	4
898	69
898	704
898	800
898	208
899	512
900	0
900	64
900	20
900	512
900	58
900	516
900	2
900	1
901	584
901	260
902	16
904	26
904	64
904	288
904	11
904	258
904	65
905	38
905	260
906	513
906	128
906	132
908	645
908	360
908	128
912	0
912	530
912	90
912	81
912	66
912	520
913	32
913	64
913	896
913	2
914	0
914	268
914	260
915	128
916	5
916	265
916	36
916	292
916	560
916	2
918	181
920	0
920	52
920	305
925	322
925	90
928	164
928	160
928	688
928	256
928	35
928	98
928	512
928	772
929	192
929	210
930	8
932	199
933	32
933	528
936	0
936	13
936	12
936	76
940	6
944	43
944	18
944	192
944	14
944	658
944	16
944	68
960	32
960	160
960	8
960	4
960	531
960	2
960	34
960	260
960	804
961	536
961	256
962	71
962	164
962	65
964	512
964	2
964	529
968	4
969	8
970	961
971	64
972	66
976	705
976	131
977	16
978	288
990	512
992	516
995	20
998	594
1016	580
